8 56
0 1 23
0 2 75
0 3 76
0 4 77
0 5 82
0 6 65
0 7 8
1 0 23
1 2 42
1 3 55
1 4 67
1 5 65
1 6 40
1 7 27
2 0 75
2 1 42
2 3 73
2 4 23
2 5 43
2 6 66
2 7 84
3 0 76
3 1 55
3 2 73
3 4 56
3 5 49
3 6 53
3 7 65
4 0 77
4 1 67
4 2 23
4 3 56
4 5 50
4 6 89
4 7 35
5 0 82
5 1 65
5 2 43
5 3 49
5 4 50
5 6 43
5 7 57
6 0 65
6 1 40
6 2 66
6 3 53
6 4 89
6 5 43
6 7 47
7 0 8
7 1 27
7 2 84
7 3 65
7 4 35
7 5 57
7 6 47
0
